# S_acc: the 315 vertices deleted from the Phase 3 graph to reach
# |G2'| = 751 / |G3'| = 1501 (record run r05a).
# Extracted verbatim from run/state.json at packaging time.
1
2
3
4
5
8
10
13
15
16
20
21
24
26
27
30
32
33
34
37
38
44
50
51
61
66
67
68
69
71
72
73
76
78
79
81
83
84
85
90
92
101
105
106
109
115
116
118
130
131
133
134
135
137
148
152
156
157
161
164
168
169
171
173
176
185
188
190
196
197
201
203
205
207
209
213
214
218
224
226
230
231
235
239
245
246
253
256
258
262
270
271
273
276
278
282
286
287
295
296
298
300
303
304
305
312
317
333
334
335
337
340
344
345
347
353
365
369
372
374
382
384
385
387
394
395
396
397
405
407
412
413
415
416
421
422
427
428
431
439
453
455
457
463
466
468
469
477
478
484
487
492
499
500
509
511
516
519
526
531
536
543
547
549
554
563
564
566
572
573
577
581
582
583
588
590
601
603
605
606
611
612
614
615
619
621
625
626
631
642
672
677
683
688
689
695
701
702
704
708
709
710
713
716
721
722
723
724
737
744
749
753
758
759
771
773
776
778
784
791
792
793
794
797
799
802
804
807
809
817
819
822
824
832
834
835
837
838
839
840
846
851
853
859
862
864
865
868
869
871
878
890
897
898
901
903
912
914
920
921
925
928
929
932
934
936
940
941
942
946
947
948
952
953
956
964
967
968
974
979
982
985
987
992
993
996
998
999
1003
1004
1006
1007
1011
1014
1017
1020
1022
1026
1029
1033
1037
1041
1043
1047
1050
1054
1055
1057
1059
1060
1061
1062
1063
1064
1066
